460 1 0 0 

461 1 0 0 

461 1 0 0 

462 1 0 0 

462 1 0 0 

461 1 0 0 

461 1 0 0 

460 1 0 0 

462 1 0 0 

460 1 0 0 

458 1 0 0 

459 1 0 0 

458 1 0 0 

458 1 0 0 

459 1 0 0 

458 1 0 0 

459 1 0 0 

459 1 0 0 

457 1 0 0 

460 1 0 0 

461 1 0 0 

460 1 0 0 

461 1 0 0 

460 1 0 0 

460 1 0 0 

460 1 0 0 

460 1 0 0 

459 1 0 0 

461 1 0 0 

458 1 0 0 

458 1 0 0 

458 1 0 0 

458 1 0 0 

460 1 0 0 

459 1 0 0 

459 1 0 0 

458 1 0 0 

459 1 0 0 

457 1 0 0 

460 1 0 0 

460 1 0 0 

460 1 0 0 

460 1 0 0 

458 1 0 0 

459 1 0 0 

459 1 0 0 

459 1 0 0 

458 1 0 0 

461 1 0 0 

457 1 0 0 

458 1 0 0 

457 1 0 0 

458 1 0 0 

460 1 0 0 

459 1 0 0 

457 1 0 0 

458 1 0 0 

460 1 0 0 

460 1 0 0 

461 1 0 0 

462 1 0 0 

460 1 0 0 

460 1 0 0 

457 1 0 0 

460 1 0 0 

460 1 0 0 

457 1 0 0 

457 1 0 0 

455 1 0 0 

457 1 0 0 

456 1 0 0 

458 1 0 0 

458 1 0 0 

459 1 0 0 

457 1 0 0 

457 1 0 0 

459 1 0 0 

459 1 0 0 

462 1 0 0 

460 1 0 0 

460 1 0 0 

459 1 0 0 

459 1 0 0 

457 1 0 0 

458 1 0 0 

460 1 0 0 

456 1 0 0 

456 1 0 0 

455 1 0 0 

457 1 0 0 

460 1 0 0 

458 1 0 0 

457 1 0 0 

457 1 0 0 

458 1 0 0 

457 1 0 0 

460 1 0 0 

459 1 0 0 

459 1 0 0 

459 1 0 0 

457 1 0 0 

459 1 0 0 

459 1 0 0 

458 1 0 0 

457 1 0 0 

459 1 0 0 

458 1 0 0 

458 1 0 0 

458 1 0 0 

458 1 0 0 

458 1 0 0 

458 1 0 0 

458 1 0 0 

458 1 0 0 

459 1 0 0 

459 1 0 0 

460 1 0 0 

461 1 0 0 

459 1 0 0 

459 1 0 0 

458 1 0 0 

458 1 0 0 

454 1 0 0 

457 1 0 0 

457 1 0 0 

458 1 0 0 

457 1 0 0 

455 1 0 0 

457 1 0 0 

456 1 0 0 

457 1 0 0 

457 1 0 0 

457 1 0 0 

458 1 0 0 

458 1 0 0 

460 1 0 0 

459 1 0 0 

461 1 0 0 

458 1 0 0 

458 1 0 0 

458 1 0 0 

458 1 0 0 

460 1 0 0 

456 1 0 0 

457 1 0 0 

457 1 0 0 

457 1 0 0 

456 1 0 0 

457 1 0 0 

457 1 0 0 

457 1 0 0 

459 1 0 0 

454 1 0 0 

458 1 0 0 

459 1 0 0 

459 1 0 0 

458 1 0 0 

458 1 0 0 

458 1 0 0 

457 1 0 0 

457 1 0 0 

456 1 0 0 

460 1 0 0 

456 1 0 0 

457 1 0 0 

457 1 0 0 

457 1 0 0 

457 1 0 0 

456 1 0 0 

459 1 0 0 

457 1 0 0 

459 1 0 0 

459 1 0 0 

458 1 0 0 

460 1 0 0 

458 1 0 0 

458 1 0 0 

458 1 0 0 

457 1 0 0 

456 1 0 0 

456 1 0 0 

456 1 0 0 

457 1 0 0 

456 1 0 0 

454 1 0 0 

456 1 0 0 

456 1 0 0 

456 1 0 0 

456 1 0 0 

457 1 0 0 

459 1 0 0 

458 1 0 0 

458 1 0 0 

459 1 0 0 

462 1 0 0 

458 1 0 0 

457 1 0 0 

458 1 0 0 

457 1 0 0 

457 1 0 0 

456 1 0 0 

456 1 0 0 

456 1 0 0 

456 1 0 0 

454 1 0 0 

456 1 0 0 

456 1 0 0 

456 1 0 0 

457 1 0 0 

455 1 0 0 

458 1 0 0 

458 1 0 0 

458 1 0 0 

457 1 0 0 

459 1 0 0 

457 1 0 0 

457 1 0 0 

456 1 0 0 

456 1 0 0 

456 1 0 0 

456 1 0 0 

457 1 0 0 

456 1 0 0 

456 1 0 0 

456 1 0 0 

456 1 0 0 

458 1 0 0 

457 1 0 0 

458 1 0 0 

458 1 0 0 

458 1 0 0 

459 1 0 0 

457 1 0 0 

457 1 0 0 

457 1 0 0 

457 1 0 0 

454 1 0 0 

455 1 0 0 

456 1 0 0 

455 1 0 0 

456 1 0 0 

455 1 0 0 

456 1 0 0 

456 1 0 0 

456 1 0 0 

457 1 0 0 

459 1 0 0 

458 1 0 0 

458 1 0 0 

458 1 0 0 

458 1 0 0 

460 1 0 0 

457 1 0 0 

456 1 0 0 

457 1 0 0 

455 1 0 0 

456 1 0 0 

455 1 0 0 

456 1 0 0 

455 1 0 0 

456 1 0 0 

452 1 0 0 

455 1 0 0 

456 1 0 0 

457 1 0 0 

458 1 0 0 

457 1 0 0 

458 1 0 0 

457 1 0 0 

458 1 0 0 

457 1 0 0 

463 1 0 0 

456 1 0 0 

455 1 0 0 

455 1 0 0 

455 1 0 0 

455 1 0 0 

455 1 0 0 

457 1 0 0 

456 1 0 0 

456 1 0 0 

456 1 0 0 

455 1 0 0 

458 1 0 0 

457 1 0 0 

458 1 0 0 

458 1 0 0 

457 1 0 0 

456 1 0 0 

456 1 0 0 

457 1 0 0 

456 1 0 0 

455 1 0 0 

453 1 0 0 

455 1 0 0 

454 1 0 0 

456 1 0 0 

456 1 0 0 

455 1 0 0 

456 1 0 0 

455 1 0 0 

456 1 0 0 

457 1 0 0 

459 1 0 0 

458 1 0 0 

458 1 0 0 

458 1 0 0 

457 1 0 0 

457 1 0 0 

456 1 0 0 

456 1 0 0 

456 1 0 0 

454 1 0 0 

452 1 0 0 

455 1 0 0 

455 1 0 0 

455 1 0 0 

455 1 0 0 

454 1 0 0 

455 1 0 0 

456 1 0 0 

457 1 0 0 

457 1 0 0 

459 1 0 0 

457 1 0 0 

458 1 0 0 

457 1 0 0 

456 1 0 0 

459 1 0 0 

456 1 0 0 

454 1 0 0 

455 1 0 0 

454 1 0 0 

456 1 0 0 

455 1 0 0 

458 1 0 0 

456 1 0 0 

455 1 0 0 

454 1 0 0 

455 1 0 0 

457 1 0 0 

457 1 0 0 

457 1 0 0 

457 1 0 0 

456 1 0 0 

453 1 0 0 

456 1 0 0 

456 1 0 0 

456 1 0 0 

454 1 0 0 

451 1 0 0 

454 1 0 0 

454 1 0 0 

453 1 0 0 

454 1 0 0 

455 1 0 0 

455 1 0 0 

454 1 0 0 

454 1 0 0 

456 1 0 0 

460 1 0 0 

457 1 0 0 

456 1 0 0 

453 1 0 0 

455 1 0 0 

456 1 0 0 

456 1 0 0 

455 1 0 0 

454 1 0 0 

453 1 0 0 

451 1 0 0 

454 1 0 0 

454 1 0 0 

455 1 0 0 

455 1 0 0 

454 1 0 0 

454 1 0 0 

456 1 0 0 

456 1 0 0 

456 1 0 0 

462 1 0 0 

456 1 0 0 

456 1 0 0 

456 1 0 0 

455 1 0 0 

455 1 0 0 

455 1 0 0 

455 1 0 0 

453 1 0 0 

454 1 0 0 

454 1 0 0 

454 1 0 0 

456 1 0 0 

454 1 0 0 

455 1 0 0 

454 1 0 0 

455 1 0 0 

456 1 0 0 

456 1 0 0 

456 1 0 0 

456 1 0 0 

455 1 0 0 

452 1 0 0 

455 1 0 0 

455 1 0 0 

454 1 0 0 

453 1 0 0 

455 1 0 0 

454 1 0 0 

454 1 0 0 

455 1 0 0 

456 1 0 0 

459 1 0 0 

462 1 0 0 

465 1 0 0 

469 1 0 0 

474 1 0 0 

480 1 0 0 

477 1 0 0 

479 1 0 0 

482 1 0 0 

485 1 0 0 

490 1 0 0 

494 1 0 0 

495 1 0 0 

501 1 0 0 

509 1 0 0 

515 1 0 0 

525 1 0 0 

528 1 0 0 

532 1 0 0 

540 1 0 0 

551 1 0 0 

561 1 0 0 

571 1 0 0 

580 1 0 0 

588 1 0 0 

598 1 0 0 

610 1 0 0 

617 1 0 0 

620 1 0 0 

624 1 0 0 

634 1 0 0 

644 1 0 0 

654 1 0 0 

666 1 0 0 

683 1 0 0 

702 1 0 0 

722 1 0 0 

744 1 0 0 

763 1 0 0 

789 1 0 0 

817 1 0 0 

842 1 0 0 

856 1 0 0 

874 1 0 0 

888 1 0 0 

901 1 0 0 

912 1 0 0 

913 1 0 0 

922 1 0 0 

914 1 0 0 

898 1 0 0 

880 1 0 0 

867 1 0 0 

854 1 0 0 

847 1 0 0 

838 1 0 0 

827 1 0 0 

815 1 0 0 

794 1 0 0 

779 1 0 0 

768 1 0 0 

753 1 0 0 

738 1 0 0 

717 1 0 0 

698 1 0 0 

679 1 0 0 

660 1 0 0 

641 1 0 0 

628 1 0 0 

610 1 0 0 

597 1 0 0 

585 1 0 0 

574 1 0 0 

564 1 0 0 

553 1 0 0 

546 1 0 0 

538 1 0 0 

535 1 0 0 

525 1 0 0 

522 1 0 0 

522 1 0 0 

520 1 0 0 

518 1 0 0 

515 1 0 0 

515 1 0 0 

512 1 0 0 

512 1 0 0 

513 1 0 0 

517 1 0 0 

525 1 0 0 

535 1 0 0 

548 1 0 0 

560 1 0 0 

574 1 0 0 

588 1 0 0 

600 1 0 0 

615 1 0 0 

633 1 0 0 

652 1 0 0 

669 1 0 0 

696 1 0 0 

715 1 0 0 

726 1 0 0 

739 1 0 0 

755 1 0 0 

782 1 0 0 

806 1 0 0 

831 1 0 0 

853 1 0 0 

875 1 0 0 

892 1 0 0 

908 1 0 0 

922 1 0 0 

933 1 0 0 

956 1 0 0 

957 1 0 0 

952 1 0 0 

946 1 0 0 

939 1 0 0 

928 1 0 0 

916 1 0 0 

900 1 0 0 

884 1 0 0 

871 1 0 0 

850 1 0 0 

841 1 0 0 

827 1 0 0 

811 1 0 0 

801 1 0 0 

787 1 0 0 

781 1 0 0 

771 1 0 0 

759 1 0 0 

744 1 0 0 

735 1 0 0 

716 1 0 0 

698 1 0 0 

681 1 0 0 

664 1 0 0 

649 1 0 0 

635 1 0 0 

623 1 0 0 

610 1 0 0 

603 1 0 0 

596 1 0 0 

585 1 0 0 

572 1 0 0 

559 1 0 0 

549 1 0 0 

539 1 0 0 

531 1 0 0 

524 1 0 0 

518 1 0 0 

512 1 0 0 

508 1 0 0 

505 1 0 0 

501 1 0 0 

501 1 0 0 

502 1 0 0 

503 1 0 0 

508 1 0 0 

515 1 0 0 

529 1 0 0 

547 1 0 0 

562 1 0 0 

573 1 0 0 

589 1 0 0 

599 1 0 0 

616 1 0 0 

637 1 0 0 

660 1 0 0 

686 1 0 0 

715 1 0 0 

740 1 0 0 

771 1 0 0 

797 1 0 0 

824 1 0 0 

856 1 0 0 

878 1 0 0 

901 1 0 0 

922 1 0 0 

931 1 0 0 

932 1 0 0 

918 1 0 0 

903 1 0 0 

884 1 0 0 

872 1 0 0 

852 1 0 0 

834 1 0 0 

813 1 0 0 

796 1 0 0 

781 1 0 0 

762 1 0 0 

751 1 0 0 

736 1 0 0 

723 1 0 0 

700 1 0 0 

681 1 0 0 

662 1 0 0 

638 1 0 0 

617 1 0 0 

600 1 0 0 

589 1 0 0 

576 1 0 0 

558 1 0 0 

548 1 0 0 

539 1 0 0 

532 1 0 0 

522 1 0 0 

518 1 0 0 

511 1 0 0 

511 1 0 0 

505 1 0 0 

503 1 0 0 

504 1 0 0 

505 1 0 0 

504 1 0 0 

507 1 0 0 

517 1 0 0 

528 1 0 0 

542 1 0 0 

560 1 0 0 

576 1 0 0 

596 1 0 0 

612 1 0 0 

640 1 0 0 

663 1 0 0 

690 1 0 0 

712 1 0 0 

734 1 0 0 

758 1 0 0 

782 1 0 0 

813 1 0 0 

839 1 0 0 

867 1 0 0 

886 1 0 0 

895 1 0 0 

901 1 0 0 

903 1 0 0 

902 1 0 0 

894 1 0 0 

889 1 0 0 

874 1 0 0 

863 1 0 0 

842 1 0 0 

830 1 0 0 

822 1 0 0 

814 1 0 0 

801 1 0 0 

786 1 0 0 

774 1 0 0 

756 1 0 0 

742 1 0 0 

728 1 0 0 

708 1 0 0 

690 1 0 0 

666 1 0 0 

649 1 0 0 

634 1 0 0 

619 1 0 0 

600 1 0 0 

585 1 0 0 

569 1 0 0 

556 1 0 0 

546 1 0 0 

531 1 0 0 

526 1 0 0 

518 1 0 0 

513 1 0 0 

507 1 0 0 

503 1 0 0 

501 1 0 0 

501 1 0 0 

502 1 0 0 

504 1 0 0 

509 1 0 0 

514 1 0 0 

526 1 0 0 

536 1 0 0 

547 1 0 0 

562 1 0 0 

573 1 0 0 

588 1 0 0 

600 1 0 0 

617 1 0 0 

640 1 0 0 

661 1 0 0 

685 1 0 0 

707 1 0 0 

728 1 0 0 

747 1 0 0 

778 1 0 0 

807 1 0 0 

832 1 0 0 

852 1 0 0 

863 1 0 0 

886 1 0 0 

902 1 0 0 

912 1 0 0 

917 1 0 0 

913 1 0 0 

908 1 0 0 

900 1 0 0 

885 1 0 0 

864 1 0 0 

846 1 0 0 

828 1 0 0 

813 1 0 0 

793 1 0 0 

783 1 0 0 

770 1 0 0 

759 1 0 0 

749 1 0 0 

731 1 0 0 

709 1 0 0 

685 1 0 0 

663 1 0 0 

640 1 0 0 

624 1 0 0 

606 1 0 0 

589 1 0 0 

572 1 0 0 

555 1 0 0 

548 1 0 0 

532 1 0 0 

523 1 0 0 

513 1 0 0 

505 1 0 0 

498 1 0 0 

492 1 0 0 

488 1 0 0 

486 1 0 0 

488 1 0 0 

482 1 0 0 

484 1 0 0 

488 1 0 0 

492 1 0 0 

498 1 0 0 

509 1 0 0 

522 1 0 0 

536 1 0 0 

549 1 0 0 

560 1 0 0 

577 1 0 0 

597 1 0 0 

619 1 0 0 

643 1 0 0 

671 1 0 0 

701 1 0 0 

727 1 0 0 

755 1 0 0 

784 1 0 0 

811 1 0 0 

826 1 0 0 

842 1 0 0 

859 1 0 0 

873 1 0 0 

887 1 0 0 

905 1 0 0 

911 1 0 0 

902 1 0 0 

892 1 0 0 

879 1 0 0 

865 1 0 0 

850 1 0 0 

826 1 0 0 

804 1 0 0 

791 1 0 0 

779 1 0 0 

768 1 0 0 

746 1 0 0 

720 1 0 0 

692 1 0 0 

667 1 0 0 

638 1 0 0 

616 1 0 0 

594 1 0 0 

579 1 0 0 

566 1 0 0 

550 1 0 0 

538 1 0 0 

524 1 0 0 

512 1 0 0 

504 1 0 0 

499 1 0 0 

493 1 0 0 

486 1 0 0 

481 1 0 0 

479 1 0 0 

481 1 0 0 

480 1 0 0 

482 1 0 0 

489 1 0 0 

498 1 0 0 

512 1 0 0 

528 1 0 0 

546 1 0 0 

566 1 0 0 

586 1 0 0 

605 1 0 0 

633 1 0 0 

662 1 0 0 

692 1 0 0 

722 1 0 0 

751 1 0 0 

774 1 0 0 

801 1 0 0 

823 1 0 0 

848 1 0 0 

873 1 0 0 

901 1 0 0 

921 1 0 0 

934 1 0 0 

945 1 0 0 

945 1 0 0 

937 1 0 0 

932 1 0 0 

914 1 0 0 

896 1 0 0 

873 1 0 0 

850 1 0 0 

828 1 0 0 

803 1 0 0 

775 1 0 0 

747 1 0 0 

717 1 0 0 

690 1 0 0 

668 1 0 0 

645 1 0 0 

620 1 0 0 

595 1 0 0 

569 1 0 0 

552 1 0 0 

540 1 0 0 

528 1 0 0 

519 1 0 0 

508 1 0 0 

499 1 0 0 

495 1 0 0 

495 1 0 0 

492 1 0 0 

488 1 0 0 

486 1 0 0 

485 1 0 0 

484 1 0 0 

481 1 0 0 

480 1 0 0 

478 1 0 0 

477 1 0 0 

478 1 0 0 

482 1 0 0 

488 1 0 0 

503 1 0 0 

514 1 0 0 

526 1 0 0 

536 1 0 0 

550 1 0 0 

567 1 0 0 

581 1 0 0 

593 1 0 0 

611 1 0 0 

633 1 0 0 

648 1 0 0 

660 1 0 0 

669 1 0 0 

684 1 0 0 

703 1 0 0 

718 1 0 0 

737 1 0 0 

752 1 0 0 

768 1 0 0 

785 1 0 0 

802 1 0 0 

816 1 0 0 

822 1 0 0 

827 1 0 0 

831 1 0 0 

836 1 0 0 

836 1 0 0 

839 1 0 0 

842 1 0 0 

840 1 0 0 

839 1 0 0 

828 1 0 0 

817 1 0 0 

797 1 0 0 

781 1 0 0 

757 1 0 0 

735 1 0 0 

722 1 0 0 

702 1 0 0 

688 1 0 0 

674 1 0 0 

665 1 0 0 

648 1 0 0 

630 1 0 0 

612 1 0 0 

598 1 0 0 

586 1 0 0 

569 1 0 0 

558 1 0 0 

546 1 0 0 

539 1 0 0 

532 1 0 0 

528 1 0 0 

521 1 0 0 

512 1 0 0 

506 1 0 0 

495 1 0 0 

495 1 0 0 

490 1 0 0 

487 1 0 0 

484 1 0 0 

479 1 0 0 

479 1 0 0 

480 1 0 0 

480 1 0 0 

482 1 0 0 

493 1 0 0 

501 1 0 0 

518 1 0 0 

540 1 0 0 

561 1 0 0 

584 1 0 0 

609 1 0 0 

634 1 0 0 

656 1 0 0 

688 1 0 0 

717 1 0 0 

744 1 0 0 

774 1 0 0 

798 1 0 0 

825 1 0 0 

845 1 0 0 

876 1 0 0 

896 1 0 0 

912 1 0 0 

916 1 0 0 

924 1 0 0 

927 1 0 0 

919 1 0 0 

920 1 0 0 

907 1 0 0 

886 1 0 0 

861 1 0 0 

831 1 0 0 

809 1 0 0 

789 1 0 0 

772 1 0 0 

760 1 0 0 

751 1 0 0 

732 1 0 0 

710 1 0 0 

688 1 0 0 

662 1 0 0 

644 1 0 0 

619 1 0 0 

601 1 0 0 

585 1 0 0 

567 1 0 0 

548 1 0 0 

541 1 0 0 

534 1 0 0 

524 1 0 0 

515 1 0 0 

505 1 0 0 

502 1 0 0 

495 1 0 0 

490 1 0 0 

487 1 0 0 

487 1 0 0 

485 1 0 0 

484 1 0 0 

484 1 0 0 

489 1 0 0 

498 1 0 0 

513 1 0 0 

529 1 0 0 

546 1 0 0 

564 1 0 0 

591 1 0 0 

619 1 0 0 

647 1 0 0 

665 1 0 0 

690 1 0 0 

722 1 0 0 

751 1 0 0 

784 1 0 0 

810 1 0 0 

838 1 0 0 

860 1 0 0 

892 1 0 0 

907 1 0 0 

926 1 0 0 

935 1 0 0 

941 1 0 0 

938 1 0 0 

933 1 0 0 

932 1 0 0 

922 1 0 0 

910 1 0 0 

890 1 0 0 

871 1 0 0 

853 1 0 0 

839 1 0 0 

830 1 0 0 

813 1 0 0 

802 1 0 0 

776 1 0 0 

753 1 0 0 

730 1 0 0 

710 1 0 0 

692 1 0 0 

666 1 0 0 

648 1 0 0 

629 1 0 0 

617 1 0 0 

598 1 0 0 

590 1 0 0 

578 1 0 0 

567 1 0 0 

555 1 0 0 

543 1 0 0 

539 1 0 0 

533 1 0 0 

527 1 0 0 

522 1 0 0 

519 1 0 0 

512 1 0 0 

506 1 0 0 

501 1 0 0 

497 1 0 0 

494 1 0 0 

490 1 0 0 

486 1 0 0 

481 1 0 0 

481 1 0 0 

481 1 0 0 

479 1 0 0 

480 1 0 0 

477 1 0 0 

477 1 0 0 

476 1 0 0 

475 1 0 0 

476 1 0 0 

478 1 0 0 

479 1 0 0 

480 1 0 0 

480 1 0 0 

476 1 0 0 

478 1 0 0 

478 1 0 0 

478 1 0 0 

478 1 0 0 

477 1 0 0 

475 1 0 0 

476 1 0 0 

476 1 0 0 

478 1 0 0 

479 1 0 0 

477 1 0 0 

478 1 0 0 

478 1 0 0 

477 1 0 0 

482 1 0 0 

481 1 0 0 

482 1 0 0 

483 1 0 0 

482 1 0 0 

481 1 0 0 

483 1 0 0 

481 1 0 0 

481 1 0 0 

480 1 0 0 

478 1 0 0 

480 1 0 0 

478 1 0 0 

478 1 0 0 

478 1 0 0 

479 1 0 0 

480 1 0 0 

479 1 0 0 

479 1 0 0 

479 1 0 0 

479 1 0 0 

481 1 0 0 

482 1 0 0 

483 1 0 0 

484 1 0 0 

483 1 0 0 

483 1 0 0 

484 1 0 0 

480 1 0 0 

481 1 0 0 

481 1 0 0 

479 1 0 0 

480 1 0 0 

477 1 0 0 

478 1 0 0 

478 1 0 0 

479 1 0 0 

477 1 0 0 

477 1 0 0 

477 1 0 0 

478 1 0 0 

479 1 0 0 

479 1 0 0 

482 1 0 0 

483 1 0 0 

483 1 0 0 

483 1 0 0 

483 1 0 0 

481 1 0 0 

480 1 0 0 

480 1 0 0 

480 1 0 0 

480 1 0 0 

477 1 0 0 

478 1 0 0 

479 1 0 0 

478 1 0 0 

480 1 0 0 

478 1 0 0 

479 1 0 0 

480 1 0 0 

480 1 0 0 

479 1 0 0 

482 1 0 0 

484 1 0 0 

484 1 0 0 

484 1 0 0 

481 1 0 0 

482 1 0 0 

482 1 0 0 

481 1 0 0 

480 1 0 0 

481 1 0 0 

477 1 0 0 

478 1 0 0 
478 1 0 0 

478 1 0 0 

482 1 0 0 
479 1 0 0 

479 1 0 0 
479 1 0 0 

478 1 0 0 

481 1 0 0 

482 1 0 0 

484 1 0 0 

483 1 0 0 

482 1 0 0 

479 1 0 0 

480 1 0 0 

480 1 0 0 

479 1 0 0 

479 1 0 0 

477 1 0 0 

476 1 0 0 

473 1 0 0 

477 1 0 0 

478 1 0 0 

479 1 0 0 

478 1 0 0 

477 1 0 0 

478 1 0 0 

479 1 0 0 

481 1 0 0 

482 1 0 0 

486 1 0 0 

482 1 0 0 

482 1 0 0 

480 1 0 0 

480 1 0 0 

482 1 0 0 

480 1 0 0 

479 1 0 0 

475 1 0 0 

476 1 0 0 

476 1 0 0 

477 1 0 0 

478 1 0 0 

478 1 0 0 

478 1 0 0 

475 1 0 0 

478 1 0 0 

479 1 0 0 

481 1 0 0 

482 1 0 0 

483 1 0 0 

482 1 0 0 

482 1 0 0 

482 1 0 0 

480 1 0 0 

480 1 0 0 

480 1 0 0 

479 1 0 0 

477 1 0 0 

476 1 0 0 

478 1 0 0 

478 1 0 0 

479 1 0 0 

478 1 0 0 

478 1 0 0 

479 1 0 0 

479 1 0 0 

484 1 0 0 

481 1 0 0 

483 1 0 0 

483 1 0 0 

483 1 0 0 

481 1 0 0 

482 1 0 0 

481 1 0 0 

480 1 0 0 

480 1 0 0 

477 1 0 0 

477 1 0 0 

477 1 0 0 

478 1 0 0 

479 1 0 0 

479 1 0 0 

480 1 0 0 

480 1 0 0 

480 1 0 0 

480 1 0 0 

484 1 0 0 

482 1 0 0 

484 1 0 0 

483 1 0 0 

484 1 0 0 

486 1 0 0 

482 1 0 0 

482 1 0 0 

481 1 0 0 

482 1 0 0 

477 1 0 0 

478 1 0 0 

478 1 0 0 

478 1 0 0 

480 1 0 0 

477 1 0 0 

480 1 0 0 

479 1 0 0 

480 1 0 0 

480 1 0 0 

484 1 0 0 

483 1 0 0 

484 1 0 0 

484 1 0 0 

484 1 0 0 

483 1 0 0 

482 1 0 0 

481 1 0 0 

482 1 0 0 

482 1 0 0 

